Training Accuracy: 0.9999654960482193
Test Accuracy: 0.6186906837110208

Test Classification Report:
              precision    recall  f1-score   support

        1920       0.00      0.00      0.00        20
        1930       0.00      0.00      0.00        13
        1940       0.00      0.00      0.00        61
        1950       0.00      0.00      0.00       275
        1960       1.00      0.00      0.00      1166
        1970       0.45      0.01      0.02      2396
        1980       0.72      0.08      0.15      4201
        1990       0.44      0.23      0.31     12580
        2000       0.64      0.96      0.77     29885
        2010       0.00      0.00      0.00      1033

    accuracy                           0.62     51630
   macro avg       0.33      0.13      0.12     51630
weighted avg       0.58      0.62      0.53     51630

Training Classification Report:
              precision    recall  f1-score   support

        1920       1.00      1.00      1.00       204
        1930       1.00      1.00      1.00       239
        1940       1.00      1.00      1.00       295
        1950       1.00      1.00      1.00      2827
        1960       1.00      1.00      1.00     10573
        1970       1.00      1.00      1.00     22349
        1980       1.00      1.00      1.00     37613
        1990       1.00      1.00      1.00    112133
        2000       1.00      1.00      1.00    269118
        2010       1.00      1.00      1.00      8364

    accuracy                           1.00    463715
   macro avg       1.00      1.00      1.00    463715
weighted avg       1.00      1.00      1.00    463715